image_width: 640
image_height: 480
camera_name: head_camera
camera_matrix:
  rows: 3
  cols: 3
  data: [546.813892, 0.000000, 284.232429, 0.000000, 547.330507, 221.564375, 0.000000, 0.000000, 1.000000]
distortion_model: plumb_bob
distortion_coefficients:
  rows: 1
  cols: 5
  data: [-0.087509, 0.152658, -0.001520, 0.000871, 0.000000]
rectification_matrix:
  rows: 3
  cols: 3
  data: [1.000000, 0.000000, 0.000000, 0.000000, 1.000000, 0.000000, 0.000000, 0.000000, 1.000000]
projection_matrix:
  rows: 3
  cols: 4
  data: [545.935364, 0.000000, 286.250951, 0.000000, 0.000000, 548.716309, 220.945396, 0.000000, 0.000000, 0.000000, 1.000000, 0.000000]
